One,1234.txt
Two,3456.txt
Three,5678.txt
Four,7890.txt
Five,9012.txt
